线性结构：
    1.线性结构作为最常用的数据结构，其特点时数据元素之间存在一对一的线性关系
    2.线性结构有两种不同的存储结构，即顺序存储结构和链式存储结构。顺序存储的线性表称为顺序表，顺序表中的存储元素是连续的
    3.链式存储的线性表称为链表，链表中的存储元素不一定是连续的，元素节点中存放数据元素以及相邻元素的地址信息
    4.线性结构常见的有：数组、队列、链表和栈
非线性结构：
    非线性结构包括：二维数组、多维数组、广义表、树结构、图结构
1.稀疏数组
    当一个数组中大部分元素为0，或者同为一个值的数组时，可以使用稀疏数组来保存该数组。
    稀疏数组的处理方法是：
        1.记录数组一共有几行几列，有多少个不同的值
        2.把具有不同值的元素的行列及值记录在一个小规模的数组中，从而缩小程序的规模
        Eg:                                     行      列      值
        0, 0, 0, 22, 0, 0, 15           [0]     6       7       8
        0, 11, 0, 0, 0, 17, 0           [1]     0       3       22
        0, 0, 0, -6, 0, 0, 0            [2]     0       6       15
        0, 0, 0, 0, 0, 39, 0        ==> [3]     1       1       11
        91, 0, 0, 0, 0, 0, 0            [4]     1       5       17
        0, 0, 28, 0, 0, 0, 0            [5]     2       3       -6
                                        [6]     3       5       39
                                        [7]     4       0       91
                                        [8]     5       2       28
    *1.二维数组转稀疏数组
        1.遍历二维数组获取有效数据个数sum
        2.创建稀疏数组sparseArr[sum+1][3]
        3.将二维数组有效数据存入稀疏数组
    *2.稀疏数组转二维数组
        1.先读取稀疏数组的第一行前两个数据（就是获取二维数组的行列数）
        2.创建二维数组arr[sparseArr[0][0]][sparseArr[0][1]]
        3.读取稀疏数组后面的值赋给arr